148235395389
148057338469
148057332839
148057325379
148057318449
148845455964
148845443219
148847064964
148846719709
148846694634
148847410509
148847403174
148847935179
148848692694
148848619339
148851665004
148879768624
148879128399
148879109469
148879104759
148879099544
148884212294
148883557704
148904030894
148940253244
148943129899
148946747209
148950386749
148981026019
149005585859
149018369339
149018497319
149018591674
149028666049
149058842639
149050842194
149076396774
149076180619
149079771269
149087288734
149089111084
149089820269
149090254244
149090505234
149091092049
149092621364
149114870204
149125444044
149127597704
149140741569
149138339519
149136136994
149141810709
149157492434
149151948554
149149612784
149168589954
149168584404
149175986014
149179966504
149185218989
149190345734
149227049659
149226196009
149227372169
149227526889
149229543819
149232436749
149235862509
149252563849
149252092759
149241946384
149240820174
149276922514
149280173929
149280742184
149288013679
149293193174
149329126204
149368629894
149370070019
149401909969
149405069199
149412137384
149416260549
149426540389
149427988334
149437135549
149617720029
149491002499
149634585849
149627025779
149626738059
149620121729
149653641524
149662517884
149662509454
149663302179
149663372119
149663365714
149663392784
149663455094
149663463809
149663687134
149663758189
149663956149
149681708424
149704302414
149728569149
149722685564
149736706109
149747750659
149758644884
149758372894
149775219459
149800498314
149815014659
149818682954
149817196444
149819028739
149903861114
149909730494
149910711844
149991206059
150035591944
150036933614
150036697069
150038748589
150078837189
150090762834
150141698419
150147512364
150150087314
150157225129
150163316069
150183791534
150213478859
150216153089
150265504864
150322271014
150330486929
150338348639
150353364149
150357466459
150356966199
150358460964
150358158054
150361220864
150364527624
150424687164
150482543804
150522807769
150569782339
150584271754
150667636139
150720924979
150721349414
150723069124
150722462629
150756583029
150812359834
150848601054
150849473684
<<<<<<< HEAD
150906841414
150938745874
150943113584
150941925174
150941108849
=======
150943113584
150941925174
150941108849
150938745874
150906841414
151018456844
>>>>>>> b8f602120173a217559c17889f03da0535f53fc3
151031259689
